NAME : G-n19-k4
COMMENT : (Gabriel)
TYPE : CVRP
DIMENSION : 19
EDGE_WEIGHT_TYPE : EUC_2D 
CAPACITY : 8
NODE_COORD_SECTION
1 -41.40282077099274 -20.84506799640771
2 -41.11447508331561 -20.652154364528737
3 -41.442492888618446 -20.640128595478615
4 -41.09897729813556 -20.528096826002386
5 -41.32900667854691 -21.01264520641874
6 -41.17083712657598 -20.73507735658317
7 -41.34301767019003 -20.757206984997953
8 -41.748695496978414 -20.770219104571865
9 -41.68813743659671 -20.80496613840373
10 -41.60449761431061 -20.6453199395072
11 -41.08752340455476 -20.78393274645636
12 -41.55018908054213 -20.79339123337634
13 -41.1543953860263 -20.747321211176445
14 -41.15013066089232 -20.906842625333002
15 -41.38513070439528 -21.19063096115163
16 -41.35826510793662 -20.89809302203267
17 -41.41874730650402 -20.767432545080133
18 -41.12753136793177 -20.687902625319783
19 -41.69860290539355 -20.836776905023203
DEMAND_SECTION 
1 0
2 1
3 3
4 3
5 3
6 1
7 1
8 1
9 2
10 3
11 2
12 1
13 3
14 1
15 1
16 1
17 1
18 3
19 1
DEPOT_SECTION
 1  
 -1  
EOF 