NAME : G-n26-k0
COMMENT : (Gabriel)
TYPE : CVRP
DIMENSION : 26
EDGE_WEIGHT_TYPE : EUC_2D 
CAPACITY : 8
NODE_COORD_SECTION
1 -40.83006077444635 -20.75018001825699
2 -41.05692096312804 -20.443677515740156
3 -41.03468618455523 -20.750174601090873
4 -40.748387778822675 -20.634933990286058
5 -40.3625272094811 -20.52548244220429
6 -40.35152503847695 -20.450526673999605
7 -41.09664089038597 -21.0675136749406
8 -40.93064235045611 -20.736482220837907
9 -40.88662928075974 -20.642421154249707
10 -40.6541586897994 -20.675663697567234
11 -41.02111664191175 -20.414281581503513
12 -41.15715654658261 -21.070385296841174
13 -40.50453959979803 -20.43388567137471
14 -40.48421986899116 -20.425080229015613
15 -40.68075090083139 -20.7062517780496
16 -40.62279309863053 -20.739981934349878
17 -40.52364325949378 -20.701476051412598
18 -41.01607608851767 -21.257047505582477
19 -41.04143106435532 -21.22596547413531
20 -41.131562036790996 -21.188203295384
21 -41.154214907568125 -21.237502137884313
22 -41.02913914263625 -20.684504316196605
23 -40.947873392077554 -20.570447584959517
24 -40.69504503645125 -20.489123491489572
25 -40.71755368763341 -20.611567412204842
26 -40.50449334294878 -20.587022224746594
DEMAND_SECTION 
1 0
2 2
3 2
4 1
5 3
6 1
7 1
8 1
9 3
10 1
11 2
12 2
13 3
14 1
15 1
16 2
17 1
18 1
19 2
20 1
21 3
22 1
23 3
24 3
25 2
26 2
DEPOT_SECTION
 1  
 -1  
EOF 