NAME : G-n30-k0
COMMENT : (Gabriel)
TYPE : CVRP
DIMENSION : 30
EDGE_WEIGHT_TYPE : EUC_2D 
CAPACITY : 8
NODE_COORD_SECTION
1 -40.7462152085191 -19.92294774352412
2 -40.48237386734157 -19.93511184842194
3 -40.84021311565088 -19.865008216273228
4 -40.8455375374401 -19.926135169150466
5 -41.0075740576747 -19.686736398124363
6 -40.50201342397723 -20.16513004559472
7 -40.20825409273593 -20.008477305460577
8 -41.14174841647321 -20.0932574056407
9 -40.242666457263205 -19.827098803617986
10 -40.46350501201787 -20.266772127620765
11 -41.30452419987168 -20.026137496589516
12 -40.73982657443513 -19.956064525454618
13 -41.037653878441986 -19.599299463818795
14 -41.12326935619046 -19.834079042006895
15 -40.270120709292385 -19.991244052324653
16 -40.65954817471101 -19.955599804228235
17 -40.250107352967646 -19.80431636610335
18 -40.571256973781615 -19.925117183542035
19 -40.62211842805506 -19.87571006723256
20 -40.65604167901683 -19.589896560356742
21 -40.71879327523187 -20.142043028468752
22 -40.839590189927584 -19.76609563293467
23 -40.884497429868965 -19.533688335499207
24 -41.14258001695411 -19.92571005973355
25 -41.09808792761069 -20.194332357904884
26 -40.95201881819419 -19.911895865235905
27 -40.69307538336869 -19.553993236379423
28 -41.0570360929147 -20.021426199520416
29 -40.890063566694785 -20.008421282091287
30 -40.813180910989864 -19.915418444273623
DEMAND_SECTION 
1 0
2 3
3 3
4 1
5 1
6 1
7 2
8 3
9 1
10 1
11 2
12 2
13 2
14 1
15 1
16 3
17 3
18 3
19 3
20 1
21 1
22 2
23 1
24 3
25 1
26 1
27 3
28 1
29 1
30 1
DEPOT_SECTION
 1  
 -1  
EOF 