NAME : G-n39-k0
COMMENT : (Gabriel)
TYPE : CVRP
DIMENSION : 39
EDGE_WEIGHT_TYPE : EUC_2D 
CAPACITY : 8
NODE_COORD_SECTION
1 -40.006419716601776 -19.001315652781578
2 -39.791326800525844 -19.11511974106764
3 -40.06489535797484 -18.92342770125794
4 -39.88366899616599 -19.229839349835835
5 -39.86236584121112 -18.79645668494167
6 -40.06513242615834 -18.797802745642713
7 -39.88081687786483 -18.50688656338133
8 -40.1603356454787 -18.827387956306985
9 -40.17927223467558 -19.33709100350007
10 -40.12449687011461 -18.891101606935536
11 -40.106196132859836 -18.981034255501292
12 -39.76720523092267 -19.339538883692807
13 -39.97118017883438 -18.193983518707018
14 -40.01347204393827 -19.205773096404755
15 -39.69996840172999 -18.318077767881014
16 -40.16300912470508 -19.05949673510164
17 -40.24698301530294 -19.625612999177132
18 -39.84921267281101 -19.1902267426592
19 -40.10937942685772 -19.540229894931116
20 -39.8335839333718 -19.049810853421178
21 -39.874458145541944 -18.36635714019544
22 -40.20087259689599 -19.24004471930173
23 -40.17510445617357 -18.701317024548732
24 -39.78877836578073 -18.808331332020746
25 -39.888748807498665 -19.39214899671053
26 -39.84566067220617 -19.55743018122839
27 -39.75722274282144 -18.44716948108483
28 -39.83357398746978 -18.897906272691582
29 -39.75785890808052 -19.258972170406356
30 -39.82937839490802 -18.812858927917794
31 -40.07803316195161 -18.122551003759444
32 -39.842287871296115 -19.34747640152058
33 -39.80665717674537 -19.497647746988147
34 -40.274999677039865 -19.317574378586983
35 -40.123583451898405 -18.19405642600964
36 -40.02303982859168 -19.29442631290362
37 -39.82300160727793 -19.261156590951664
38 -40.18700545708711 -18.67767281270032
39 -40.19657954711554 -18.73285790146256
DEMAND_SECTION 
1 0
2 1
3 2
4 1
5 3
6 2
7 1
8 1
9 3
10 1
11 3
12 2
13 1
14 3
15 3
16 2
17 2
18 3
19 3
20 1
21 3
22 2
23 1
24 2
25 3
26 1
27 1
28 3
29 3
30 2
31 3
32 1
33 3
34 1
35 1
36 1
37 3
38 1
39 2
DEPOT_SECTION
 1  
 -1  
EOF 