NAME : G-n42-k0
COMMENT : (Gabriel)
TYPE : CVRP
DIMENSION : 42
EDGE_WEIGHT_TYPE : EUC_2D 
CAPACITY : 8
NODE_COORD_SECTION
1 -40.595763911030595 -18.460001716704298
2 -40.84684793252795 -18.17962286721963
3 -40.81924752798351 -18.304998455642146
4 -40.20351764036648 -18.26379659337212
5 -40.530664554204655 -18.692693569049528
6 -40.50412111810827 -17.915142877976603
7 -41.031242649473924 -18.43430871983101
8 -41.1044701950866 -18.395519633322113
9 -41.0566205286046 -18.378853185607
10 -40.696209733140186 -18.794698758804824
11 -40.43110899437908 -18.70159027503123
12 -40.861169645322356 -18.807694522959192
13 -40.30766646020271 -18.772854762235834
14 -40.294452170646714 -18.409837271531778
15 -40.384399741143696 -18.730846144599557
16 -40.71299434428335 -18.490650325703893
17 -40.670430149499346 -18.341735344151978
18 -40.861192429299834 -18.483871150307785
19 -40.421592140669986 -18.423841511094167
20 -40.13989275715463 -18.369808847666278
21 -40.30467652998593 -18.81987064764942
22 -40.865777801767926 -18.66897211270455
23 -40.86615339200333 -18.59504174282901
24 -40.11120471610454 -18.22940547113998
25 -40.89459439478172 -18.468238247506974
26 -40.27564727630365 -17.964092434128002
27 -40.67233994521888 -18.82242711603913
28 -40.740735523630455 -18.06985693634394
29 -40.8903454176637 -18.427886502397417
30 -40.36032579769743 -17.996784794254125
31 -41.06911250490034 -18.84492658200173
32 -40.493746091903034 -18.438729673591936
33 -40.524615560323156 -18.24050568358926
34 -41.08550911992121 -18.251100820004076
35 -40.225800864366434 -18.64099683021445
36 -40.748207345977804 -18.687359535676514
37 -41.09093247505873 -18.88056138505973
38 -41.016201917845116 -18.203440933739806
39 -40.340345379242436 -18.868428746660005
40 -40.454188363818666 -18.676334713125637
41 -40.193136453552 -18.4257987280442
42 -40.29038860618383 -18.350704053857967
DEMAND_SECTION 
1 0
2 1
3 1
4 1
5 1
6 3
7 1
8 3
9 3
10 2
11 3
12 2
13 3
14 1
15 3
16 3
17 2
18 2
19 3
20 1
21 2
22 1
23 2
24 2
25 2
26 2
27 2
28 2
29 2
30 2
31 2
32 1
33 1
34 3
35 2
36 3
37 1
38 1
39 1
40 3
41 2
42 2
DEPOT_SECTION
 1  
 -1  
EOF 