NAME : G-n18-k0
COMMENT : (Gabriel)
TYPE : CVRP
DIMENSION : 18
EDGE_WEIGHT_TYPE : EUC_2D 
CAPACITY : 8
NODE_COORD_SECTION
1 -41.283219292966436 -20.383694725858145
2 -41.68529247383231 -20.37178714798297
3 -40.609115998009834 -20.325631829619017
4 -40.541106661757155 -20.367824420384704
5 -40.567817307092014 -20.372029080999106
6 -41.734917595521004 -20.461123984343622
7 -41.490760798513435 -20.35012351514508
8 -40.49560983864588 -20.334745840415728
9 -41.61239545498062 -20.224771847447556
10 -40.850323618680996 -20.333486483392836
11 -41.80561983375995 -20.465386747587676
12 -41.45332588276727 -20.533556422388106
13 -41.43253616191001 -20.563146134147477
14 -41.26958729257123 -20.196820093710393
15 -41.302709566577285 -20.276240264838826
16 -41.30220727803503 -20.216053673443607
17 -41.48506813728899 -20.295439580075037
18 -41.27089853708864 -20.195232528184114
DEMAND_SECTION 
1 0
2 1
3 1
4 1
5 2
6 1
7 3
8 1
9 1
10 1
11 3
12 2
13 3
14 1
15 2
16 1
17 2
18 2
DEPOT_SECTION
 1  
 -1  
EOF 