NAME : G-n23-k0
COMMENT : (Gabriel)
TYPE : CVRP
DIMENSION : 23
EDGE_WEIGHT_TYPE : EUC_2D 
CAPACITY : 8
NODE_COORD_SECTION
1 -40.36050327202765 -20.36037228770799
2 -40.40656107836211 -20.385484334440306
3 -40.35847618238808 -20.368495983290135
4 -40.38587101086392 -20.355003615934038
5 -40.383579345999344 -20.395705630848184
6 -40.3373463807458 -20.330973406059634
7 -40.33690511681066 -20.337360594284647
8 -40.32323824499422 -20.346243796941753
9 -40.37084596208273 -20.320238253228474
10 -40.29571255896747 -20.348775046240082
11 -40.399453714291404 -20.384009636931992
12 -40.390630048416895 -20.340330647833103
13 -40.311392289377594 -20.359898567319103
14 -40.35884790513816 -20.39776308947901
15 -40.41882241595475 -20.379743394191383
16 -40.300859022134986 -20.337196859221653
17 -40.396207284362426 -20.3538021793728
18 -40.28339458566498 -20.33088762176584
19 -40.35275850165222 -20.32043243743931
20 -40.31909113714582 -20.372277211749417
21 -40.42970174508344 -20.362317361424235
22 -40.29546956758137 -20.336381243070647
23 -40.40250557914978 -20.344697026117807
DEMAND_SECTION 
1 0
2 2
3 1
4 1
5 2
6 1
7 3
8 3
9 3
10 1
11 1
12 2
13 3
14 2
15 3
16 2
17 1
18 2
19 2
20 3
21 4
22 1
23 1
DEPOT_SECTION
 1  
 -1  
EOF 