NAME : G-n25-k0
COMMENT : (Gabriel)
TYPE : CVRP
DIMENSION : 25
EDGE_WEIGHT_TYPE : EUC_2D 
CAPACITY : 8
NODE_COORD_SECTION
1 -40.33409993919034 -20.152771336804683
2 -40.30918655371166 -20.106102470306283
3 -40.39549304206769 -20.253426477838893
4 -40.278965504445914 -20.11635819972773
5 -40.408658417031276 -20.066601794484598
6 -40.368002755735475 -20.046484731701465
7 -40.40313224166899 -20.028622047707866
8 -40.3000581416623 -20.254981468034885
9 -40.25501556641415 -20.224942905423475
10 -40.34937558169194 -20.173567814474705
11 -40.27207500203668 -20.2483212128716
12 -40.391599808769946 -20.094065289014647
13 -40.28259146282336 -20.19873031174488
14 -40.2150758143974 -20.092055003984584
15 -40.26059742254992 -20.068169913319448
16 -40.35924156546092 -20.179806409077866
17 -40.33451785780509 -20.26056340253481
18 -40.33527654937953 -20.08989198533199
19 -40.361875154414435 -20.168622585467013
20 -40.248890644655326 -20.16564163405331
21 -40.20959638278525 -20.142801082212006
22 -40.261576824717 -20.11838712239433
23 -40.30594667245369 -20.259529495110172
24 -40.278760724612106 -20.150754964791194
25 -40.1862880108192 -20.095769303170304
DEMAND_SECTION 
1 0
2 1
3 3
4 3
5 1
6 1
7 1
8 2
9 3
10 1
11 1
12 2
13 1
14 2
15 2
16 3
17 1
18 3
19 1
20 1
21 2
22 2
23 3
24 2
25 2
DEPOT_SECTION
 1  
 -1  
EOF 